0012000312312461240003500
0013000421246131230001200
0013000421425131320001300
0013000421426131420001300
0017000689864979820009300
0023000421245133210001300
0023000421246133210001300
0079000987875699860009800
0012001234130892531002100
0012001342130312531002100
0012001342130313241007900
0012002314130792513001200
0012002314130892143008900
0012002314210311425003100
0012002317210491523003100
0012002341130122513001200
0012002341140122315001200
0012002341150122315001200
0012002341310121523003100
0012002351130122513001200
0012002351130122513001300
0012002351210121324005100
0012002351940128123003100
0012002531940127124003100
0012004312120313125003100
0012005312970318976008900
0012005312980317986007900
0012007598980137698009700
0012007698130795978008900
0012007698980797598009800
0012008697130895987007900
0012009678980897689007900
0012009758970138573008900
0012009758980137683007900
0012012340310310371204900
0012012340310310381204900
0012012340310790321404100
0012012340350310341201200
0012012350250310341201300
0012012350350310341201200
0012012430310510521303100
0012021340140120253103100
0012021530130410421302100
0012027310150390975808900
0012079680980130759803100
0012085230970130975808900
0012086230970130975808900
0013001243120213521003100
0013003215810989578002900
0013005213980217985007900
0013007598980797698009700
0013007698980137698009700
0013007698980797698009800
0013008597130895987007900
0013008597970898597009700
0013008597970898597009800
0013008697120896987007900
0013008697130895987007900
0013008697970898597009800
0013009578970898579008900
0013009578980897689007900
0013009587970798579008900
0013009678970898679008900
0013013250350210241301200
0013079580980130759803100
0015005321970138913008300
0015007391890739678008900
0015007398890799578008900
0015008397790899587007900
0015009378970898579008900
0015009378980897689007900
0015009387970798679008900
0015009387980797589007900
0015009387980797689007900
0015076390980790798609800
0015079380980790579807900
0015079380980980587907900
0015085390970790978508900
0015086390970790978508900
0016008297970898697009700
0016009378970898579008900
0078078950950790769809700
0078078950950790769809800
0078078960950790759809800
0079076980980590957807900
0079076980980690957807900
0079079580980680687907900
0079089570970680678908900
0079089670970570578908900
0086006978980897589007900
0089078950950890986707900
0089078960950890985707900
0097005897970898976008900
0097009857970898679008900
0097075890980590968707900
0097076890980590968707900
0097076890980690958707900
0098009758970798679008900
0012046312130532453107900
0012061342120313521403100
0012085319980387984607900
0012401352120312341078900
0012401352120312341087900
0012401352120314321025100
0012401352130314231025100
0012402351130122513041200
0012402351130125123024100
0012402351150124123023100
0012404312130312135042100
0012404312970318975068900
0012405312790319875086900
0012405312970318976068900
0013076598890799578608900
0014205321970138973068900
0014208321390132713015300
0071086957970396972808900
0079808956970796978086900
0081086957970396972808900
0097076894890519768208900
0097076894970898975608900
0098609758970798679078900
1203131254041202634113012
1207931642059606489713089
3109764789028407596893079
7907995867087908694797089
0012000312795689860001200
0012000312795689860007200
0012001234120493521003100
0012001235130482431002100
0012001235130582531002100
0012001239120583521003100
0012001342130315231005800
0012001352380131253009800
0012002314130892153009800
0012002314210581523003100
0012002315130312135005800
0012002315130312195005800
0012002315210491423003100
0012002315940312314001200
0012002315940587123003100
0012002341210831325005100
0012002341850122153003100
0012002351130125123005800
0012002351150323421003100
0012002351930138493001700
0012002358210131523003100
0012002431940127125003100
0012003241380131523002100
0012004231120973124003100
0012005312970318957003100
0012005798130135213001300
0012006315980317985007900
0012006351890121523008900
0012007598790131523008900
0012007689950178976008900
0012007689980177589009700
0012007698980797958006100
0012007698980797968006100
0012007958790131253008900
0012008579310171253009800
0012008679890185123003100
0012008697970898967006100
0012008795970318597009800
0012009578970138579008900
0012009768970138673008900
0012012340350180123503100
0012012350310980423103100
0012012350790120423103100
0012013240210980523102100
0012013240890120243108900
0012015230280190986707900
0012015230390180786908900
0012015230890120235103100
0012016230280190985707900
0012018350890310571207900
0012021340150120253103100
0012021350130120253109800
0012021430130170785908900
0012021430130510251305800
0012021530130120234105800
0012021530130510251305800
0012024310130310215308300
0012024351390121623403100
0012025314170314895709700
0012025314370311975208900
0012025341370121253403100
0012027310180590923806100
0012027314180313614209700
0012031240120970423103100
0012031240120970523103100
0012031250120970423103100
0012031250120980423103100
0012032510150310125303100
0012041230920510421303100
0012042310910310524303100
0012042310940790123403100
0012042310950510124303100
0012042316150532163403100
0012046312290311785308900
0012069317970388674908900
0012071230980130795809800
0012071340980120253109800
0012075239970188975608900
0012076310980310795309800
0012082350970120523103100
0012085239980186984707900
0012085239980187984607900
0012085319970376974808900
0012087310950390975808900
0012089570970310879505900
0012089670970130513208300
0012089670970130579808900
0012089670970130679808900
0012089670970890839705100
0012089750970120523108900
0012301234970128975068900
0012302314130582513041200
0012308679970316591089700
0012401235130582531042100
0012401352120312351097800
0012405231970526891089700
0012405312130314217021300
0012406251970326891089700
0012406319970316895089700
0012406351970128973068900
0013000214346291240001300
0013000421462138970008900
0013000421526131420001300
0013001243150213215003200
0013001253150213241003900
0013001253380121352009800
0013002341890121532003100
0013002513210211324005800
0013003215120483412001200
0013003217120893412001300
0013003241710129678008900
0013003241710839587002900
0013003241790121432008900
0013003241920128596001700
0013003251120123512008300
0013004213310218796009800
0013005213970218697001800
0013005213970518976008900
0013005213980517986007900
0013005321980837985007900
0013005328980137985007900
0013007589790188579008900
0013007589950187896009700
0013007589980977936005100
0013007598890131532008900
0013007598980797598001800
0013007598980797958006100
0013007689950178976008900
0013007698980797968006100
0013007958890131342008900
0013007958890131352008900
0013007968890131532008900
0013008579890177689007900
0013008579890187689007900
0013008579950187985007900
0013008597310898975005900
0013008597710899687007900
0013008597970898937005100
0013008597970898957005100
0013008697970898937005100
0013008697970898957005100
0013009578380891532007100
0013013240210210271308900
0013013240210210281307900
0013013240210790231404100
0013013250210210271308900
0013013250210210281307900
0013013250210980234105100
0013013250350210241301300
0013013250890210241307900
0013013250890210241308900
0013018240290130532107900
0013031240120120325107900
0013031240150210251303100
0013031240150280231503100
0013034251210131632405100
0013035210180290986707900
0013038510160290985707900
0013065218980297985607900
0013075214970218974608900
0013075218970298975608900
0013079580980790739805100
0013079680980790739805100
0013087590310790978508900
0013087690310790978508900
0013089570310890689707900
0013089570970890839705100
0013089670310890689707900
0013089670970130679808900
0013089670970170678908900
0013089670970890839705100
0013089670970970512308300
0014204321130137213021300
0014204321130139213021300
0014204321210134213016300
0014204321790139173086900
0014205321480132413012300
0014206321970138976068900
0014207381790139875086900
0015002387970798679008900
0015002389930978597001700
0015002391930838597001800
0015002397130899587001300
0015002398930797598001700
0015004321230131293001800
0015005379170985978008900
0015005379170986978008900
0015005381980986987007900
0015005798970795978008900
0015007398790791678008900
0015007398890791678008900
0015008397160896987007900
0015009578980897589007900
0015009785970798679008900
0015009785980797689007900
0015014320210130213803200
0015017380790790679808900
0015017380890790679808900
0015018370790890689707900
0015059380970790579808900
0015059380970790679808900
0015075689980974987607900
0015075890980890697809800
0015075980980790679807900
0015076980980790759809700
0015076980980790769809800
0015079680980790739805100
0015085970970890869709800
0015086790970870857909700
0015086970970890859709700
0015097380780790579809800
0016005298970795978008900
0016006897790899857007900
0016006897980895987007900
0016007398790791578008900
0016007398790791678008900
0016007398890791578008900
0016008397890891587007900
0016009785970798679008900
0016075980980790759809700
0016075980980790769809700
0016076980980790759809700
0016085291970726978408900
0016085970970890689708900
0016085970970890859709700
0016086970970890859709800
0016096870790890859707900
0016098670790890589707900
0017009687970598679008900
0018607598790798596098700
0019000689984677930006200
0019003251920838597001800
0021000132316241240004900
0021000321984764210009500
0021000421976484210001300
0026000897764899860009700
0031000123867499860009800
0031000124786499780009700
0031000241461239860009700
0031067839890269674808900
0031067839890279675808900
0031069857970288673908900
0038032150890790679808900
0038062153930978497601800
0038098157790986587907900
0051000649968277890009700
0071007958980797698009800
0071008967970898597009700
0071075980980790796809800
0075005978980897689007900
0079000289795689860007900
0079000689983677980007900
0079007968980797598001800
0079008957970898697001800
0079008967970898597001800
0079075180970790896709700
0079075980980180786909700
0079076180980790796809800
0079079850980870687907900
0079089670970670678908900
0079805946970798976068900
0079807186790799876086900
0081007968980797698009800
0087006987980597589007900
0089005168970795978008900
0089006157980895987007900
0089009168970795678008900
0089079180980580587907900
0089079580980580587907900
0089086970970180876909800
0089089750970780678908900
0097004857970898679008900
0097021543130894689707900
0097065829970988975608900
0097067819890979674808900
0097067859890979678108900
0097067894890519648708900
0097067895890639678408900
0097067895950898976408900
0097069857970898679108900
0097076890980590958707900
1201225381012302416313021
1202124513012307684913068
1203131642038207496896079
1203134152012402631813079
1203134215013202514313051
1203135142032101432521069
1203135462041201324821013
1203136142032101432621059
1205334261069801379821079
1207923415041209674871089
1209723641089609587679089
1209737849096807596898079
1308964978058608265931098
1408958967078907965896079
3107994768069805234193097
7608998647078907496895079
7609797658097807496898079
7908994867087508697597098
0012000312984677960006200
0012000689865974120004300
0012001234120122315005800
0012001235130133215005800
0012002314310498523003100
0012002315310588523003100
0012002315710389785008900
0012002315790311324007900
0012002315890311324001300
0012002315890311324007900
0012002315890311324008900
0012002318130495193005800
0012002318210491823003100
0012002341310328391005800
0012002341850129153003100
0012002341850139153003100
0012002351810839687007900
0012002351850129153003100
0012002351850329381001300
0012003241120973125005800
0012003241120973418001200
0012003241120983415001200
0012004231120532351001800
0012004231130495231001200
0012004231130585231001200
0012004639120183124003100
0012005231970978967008100
0012005312720319485007900
0012005312830319685007900
0012006231970838976008900
0012006231980837986007900
0012006319890581523008900
0012006978130135213001300
0012007315160318975008900
0012007589190182513008300
0012007689190172513008300
0012007689190182513008300
0012007689380181253009800
0012007698190792513008300
0012007958980137923006100
0012008341890121723006100
0012008679390181523003100
0012008759790131523006100
0012008759890131523006100
0012009687980597589007900
0012012340310390321405800
0012012350310180687903100
0012012350380180758901200
0012012430310120325104900
0012014230210170867902100
0012014230380180785902100
0012014230790490321702100
0012014230790580381907900
0012014230890130795801700
0012014230890490321802100
0012015230290470671908900
0012015230380510421309800
0012015230790130875906900
0012015230890120715908300
0012016230380190986707900
0012016350890120523103100
0012017250790310879505900
0012021350130790596802100
0012021350140380321502100
0012021350150380321502100
0012021350150830234103100
0012021430130120234105800
0012021430130790231405800
0012024316310521253403100
0012025314170323975808900
0012025341130123285401300
0012025341180324721309700
0012026314170313815209800
0012026314170313978208900
0012028310170390924706100
0012032510150590123403100
0012041230970180875903100
0012042310950590123403100
0012042316210581543203100
0012045318130392134502100
0012048351170122613409800
0012049371130122154307900
0012051230130130274808900
0012051230130130275808900
0012051230130130284907900
0012051230130130285907900
0012051230130970234105100
0012051230130980234105100
0012052310130390986707900
0012057341980122613409800
0012067341980122613409700
0012068319260387985607900
0012072318830599183704900
0012075240980310981507900
0012076350980120123403100
0012079680980130739805100
0012079850980130513207900
0012084230310580231503100
0012087690310120423103100
0012095230890180786908900
0012097340860310978508900
0012308796970316591089700
0012401239130582531042100
0012402351890122513014300
0012404312610319275086900
0012404312710319275086900
0012404315130494213021300
0012404318130494213021300
0012404319130484213021300
0012405312470312975068900
0012405318130494213021300
0012405319130484213021300
0012406318970398975068900
0012406351970124973068900
0013000213645291240001300
0013000421426139680001300
0013000421568137890009700
0013000987345211230001200
0013002351130985132005800
0013002358210131352005800
0013002513310218374004900
0013003214310291234004100
0013003215120283475008900
0013003215920988596001800
0013003217970498172008900
0013003241890135132005100
0013003241920838596001700
0013003241970838975008900
0013003241970988975008900
0013003251150123412008300
0013003251720129172008900
0013003251850239281001300
0013003251980837689007900
0013003279920987598001700
0013003281920938597001700
0013004213310218796003100
0013004213830219584007900
0013004213920217395001700
0013004213920218395001700
0013004217980497682007900
0013005213790211385007900
0013005213980517968007100
0013005321980987985006900
0013005328310138975008900
0013006241890139712008300
0013006241970828976008900
0013006279170985978008900
0013007541980123512009700
0013007548980133512009800
0013007589960178976008900
0013007689890185312008300
0013007698190793512008300
0013007698380791352009800
0013007698380791532009100
0013007698980127938005100
0013007698980137932005100
0013008291790829587007900
0013008291790829687007900
0013008291890829687007900
0013008541970128932005100
0013008579390181342007900
0013008579890175132005100
0013008597160897986007900
0013008679970188934005100
0013009217970498672008900
0013009248980137582007900
0013009578170893612008300
0013009587170593512008300
0013009587380591532007100
0013009678170893512008300
0013009678380891532007100
0013009758980138732006100
0013013240210130412802300
0013013240210130586107900
0013013250890130512801200
0013013520890130235105100
0013015326790186785908900
0013017240890120512308300
0013017253390122634108900
0013017280790790579808900
0013017280890790579808900
0013018246790985687907900
0013018270790890689707900
0013018270890890589707900
0013023510310210215304900
0013031240120130382907900
0013031240120970342108900
0013031240120980342107900
0013031240120980342108900
0013031250120130372808900
0013031250120130382907900
0013031250120980342107900
0013031250120980342108900
0013031520120120325105800
0013031520150180875907900
0013036241210931435205100
0013037291250131976208900
0013037510130290975808900
0013043216890799476808900
0013043290120890597801800
0013051320850130234803100
0013053210890980687908900
0013059280970790579808900
0013063241940128296301800
0013067529890179675808900
0013075290980210798609800
0013076520970190975808900
0013079240980790736805100
0013079280980790759803100
0013079580980790729803100
0013083270310970234105100
0013085290970790978508900
0013086290970790978508900
0013087519950266975808900
0013087540980120512309800
0013093251620138592401800
0013096520890180785908900
0013097510850290975808900
0013098260790130589107900
0013098760710130352109800
0013206247970216891089700
0014204321710139273086900
0014204321720139173086900
0014205321970138957068400
0014709678970898579068900
0015001325890989678008900
0015002315710989578008900
0015002341810129578003900
0015005371170926978008900
0015005378190896789008900
0015005389710979687007900
0015005398170796978008900
0015005897790899857007900
0015005897980895987007900
0015005978790896789008900
0015006378190896789008900
0015006378980898769009100
0015006381180926987007900
0015006387190796789008900
0015006879980987958007100
0015007389710979587008900
0015007598980797598001700
0015007698980797598001700
0015007698980797598001800
0015007698980797698001800
0015008597970898597001700
0015008597970898697001700
0015014320790120243107900
0015014320790120243108900
0015014320890120243107900
0015015320790310789508900
0015015320890130673808900
0015015320890310789508900
0015051320130310978508900
0015059780130790769808900
0015059780170790579808900
0015059870130890869707900
0015059870170890589708900
0015059870180890589707900
0015069780130790769808900
0015069780170790579808900
0015069870130890859707900
0015076890980790968707900
0015076890980890597801300
0015078390950810987607900
0015079580980790769806100
0015079680980790769806100
0015085790970890697809800
0015085790980810987607900
0015086371970976978308900
0015086790970890597801300
0015089320970970678908900
0015089670970890859706100
0015089670970890869706100
0015091380860790769809700
0015094380310790679808900
0015095870790890859707900
0015097680780790579809800
0015607698790799578086900
0016005281970978967008900
0016005381980986987007900
0016005897980895987007900
0016006281980985987007900
0016006371970975978008900
0016006789970978967008100
0016006798970796978008900
0016006978790895789008900
0016006978890896789008900
0016007598980797598001700
0016007598980797698001800
0016007698980797598001800
0016007698980797698001800
0016008597970898617009800
0016008597970898697001700
0016008697970898597001800
0016008697970898697001700
0016008697970898697001800
0016009271980977698007800
0016069780180790679807900
0016076980980790769809700
0016079680980790759806100
0016085293970716978408900
0016085790970790968708900
0016086790970790968708900
0016086790970890597801200
0016097680780790579809800
0016098670870890589709700
0017000297674899860009300
0017000689248971230001200
0017000689684978930006200
0017000689684979780009700
0017000689685979780009700
0018000698984767930006200
0019000689984767930006200
0021000421645733210001300
0021002134710899587003900
0021008139970588612009700
0021015320270390976808900
0021025136970296975808900
0021078950950790796809800
0021086130980290986707900
0021089670970830532108900
0023035126890186785908900
0026000497761899860009300
0026000689381971240001300
0026000689468977890009700
0028000498846793210001300
0028908165970978597069800
0029000469946874210001300
0029096487790586487907900
0031000123785499720009400
0031000123785691420009400
0031000123865499860009800
0031000123976487820009400
0031000123976488920008400
0031000124782499740009500
0031000849795289860007900
0031015230370290975808900
0031015230390280785908900
0031065928980397985607900
0031067839950288974608900
0031069837970488672908900
0031071926890399674808900
0031079836870499672808900
0031086970970980816909800
0038002135950988397001700
0038009178980597689007900
0038009178980697589007900
0038043162120932497101800
0038049176970988576908900
0038082159930976497801700
0038085130970790976808900
0039093158820797598601800
0071005968980797985007900
0071008957970898976006900
0071008967710899687007900
0071086957970316972408900
0073107986790989876086900
0078607958890791579068900
0079000214795689860007900
0079000369965877980007900
0079000879926878150003900
0079000987872699810009800
0079003124810799578002900
0079005137980797985007900
0079007168890791678008900
0079035689980684987607900
0079037952150794978608900
0079042163130792198505800
0079072168890899587607900
0079072180980580587907900
0079078160950790958707900
0079096870810890985707900
0079805416970798976068900
0081005937980296985007900
0081005938970798975008900
0081057938790268675908900
0081075940970790976808900
0089086127970796975808900
0093076859890169172808900
0097064897970898375108900
0097065891970828976508900
0097067849810179476808900
0097067853890919678408900
0097067891890639678408900
0097067892890519678508900
0097067892890619678508900
0097067893890619678408900
0097076894970828975308900
0097079864170122543108900
0097097853850916978408900
1201837459012302614313021
1201934125012302534113063
1201934125012302634113063
1202164879032108695731089
1203131426049602534113012
1206931248031204531297031
1206946897039409467881089
1207923798049809685781069
1208934267038408657931098
1208965897039601465231079
1208974968012507659893079
1208974968087909685781079
1209334251031209657881089
1209831624097807496898079
1308965897019309476872079
1309234281021409576881079
1309775869029409478681079
8105992867037907498695079
0012000241317521240003900
0012000312374811420009800
0012000869312451240003700
0012000869394171420008900
0012001234150193214003200
0012001235720989857003100
0012001238130135294005800
0012001238790131234003100
0012002314850499153003100
0012002314970598579008900
0012002315310498453003100
0012002315310588453003100
0012002315850589153003100
0012002315970318435005100
0012002317970498123009700
0012002318210791324005800
0012002319940582153003100
0012002345310312341004900
0012002351930328491001800
0012002531310988597003100
0012003241310978597002100
0012003241310988436002100
0012003241310988597002100
0012003241850979135002100
0012003251310988597002100
0012004238890131234003100
0012004315130313285001300
0012004319890581243008900
0012005231970838697001700
0012005318890491253003100
0012005398970794123003100
0012005798310138254003100
0012006231970838957008100
0012006315980318714009700
0012006317710899857003100
0012007238160138976008900
0012007289150188976008900
0012007315160318976008900
0012007689890175123003100
0012007689980187925003100
0012007698190792613008300
0012007698290791834005100
0012007895980317986005100
0012007958790131623008900
0012007958980137123003100
0012007968980137513009700
0012007968980137923005100
0012008315160317986007900
0012008315970318614009800
0012008317890491723006100
0012008697290891735005100
0012008697970898926003100
0012008795790311687007900
0012009315970317825006100
0012009315980318725006100
0012009318970495823006100
0012009578170892613008300
0012009578380891423003100
0012009687170592513008300
0012009758970135823005100
0012012340230980586101300
0012012340380130143207900
0012012350790130413801200
0012012350790130493801800
0012012350790130513801200
0012012350790310321504100
0012012350790310321506100
0012012350890130793801800
0012012350890310321504100
0012012350890310321505100
0012012350890310321507100
0012012350890310321508100
0012012430380190795809800
0012013240380890957807900
0012013240790310798501800
0012013240890310798501800
0012014230790580671908900
0012014230890490231705100
0012014230890580271908900
0012015230380190985706900
0012015230380890691709800
0012015230790120634108100
0012015230790120715308300
0012015230890120825106100
0012015230890130614908300
0012015234270124915308300
0012015234480122715309700
0012017230890980827905100
0012017256490122613408300
0012017256490132613408300
0012018230350190986707900
0012018340290390721806100
0012021350130790289504900
0012021350790310321505100
0012021390130120687907900
0012021430130190294805800
0012021530130120214304900
0012025310190590673808900
0012027351390121823403100
0012042310980310795801700
0012042316130586583901300
0012042381130122146308900
0012045312190542853107900
0012051230830130235104900
0012051230890170785902100
0012051230890180785903100
0012052310810320325104900
0012052314840519153203100
0012052314940318125603100
0012057230150190975808900
0012062314950517153203100
0012064312930318795401700
0012064312970798974508900
0012071230980130794809800
0012071350980970423103100
0012072314980315314209800
0012079240980130793806800
0012079850980130613207900
0012079860980830523107900
0012081239930167294805800
0012082340970310897501800
0012082350970970423103100
0012084239980167695801800
0012085391970126214309800
0012086790790170876907900
0012086790970790418709700
0012087690980510621309700
0012089670970830253108900
0012089670970970613208300
0012092358610898597603100
0012092358710798596703100
0012097341680122613409800
0012098670710120423109800
0012401352930318436042100
0012402319130585123024100
0012402351740122143086900
0012405231470528971068900
0012405319130585213021300
0012406315130494213021300
0012406351170122973068900
0012407312790492513098700
0012408319890581253097800
0012409758980126573086900
0012607598150793978028900
0012607598160793978028900
0012705789130134213021300
0012707689790188579068900
0013000213763899860009400
0013000213824599450001300
0013000214786599730009400
0013000421427132130003900
0013000421972132130009600
0013000896314521230003900
0013001248970138572008900
0013001253130215471005900
0013001263850219687007900
0013001352150133412008300
0013002341850989318001200
0013002351130985417001200
0013002351210971324005800
0013002587210791529003100
0013003214150293295001800
0013003214810299285007900
0013003215710289875005900
0013003215710989875005900
0013003215820489587007900
0013003215980287295001700
0013003241310831287007900
0013003251150233241001900
0013003251810839786008900
0013003251920237491001800
0013003279810989678008900
0013003291920737598001800
0013005213120513189007900
0013005213310218396002700
0013005321980976985007900
0013005321980987968006200
0013005698930797298001800
0013006289710979587007900
0013006529970588971008900
0013006958890131532008900
0013007589190183612008300
0013007598130795132005800
0013007698290791628003100
0013007958790131632008900
0013007958890131342001200
0013007958890131632008900
0013008549970138932005100
0013008597160893716009800
0013008679210181432005100
0013008697970897512009300
0013009587980597512001200
0013009768970135832005100
0013009768980138732006100
0013012350790980432105100
0013012350890970432105100
0013012580310510421303100
0013013240210890436705100
0013013240380120512309800
0013013240890210251304800
0013013250210970482107900
0013013250790210251304800
0013013250890210251307800
0013014268210264687907900
0013015247310212451303100
0013015320380170768909700
0013017240790120612308300
0013017240890120612308300
0013017250890130579808900
0013017259290133512408300
0013017520260190975808900
0013031240120130596803100
0013031420150130687907900
0013031524890179675808900
0013032510210480312505800
0013034216120292395701700
0013034216130596792801700
0013036510190270785908900
0013037290160790978508900
0013037291290131675208900
0013039540180130732105100
0013041253130122734105100
0013041320980180785903100
0013042513130212145805800
0013042581130122145305800
0013043216120792694801800
0013048512970513512409700
0013051320890180857907900
0013053210890490512708300
0013053290120890597801800
0013054290130890297801800
0013057260890270678908900
0013063241890949185207900
0013063290120890597801700
0013067849980265931805100
0013075240980170786909700
0013075698890799278608900
0013076890890170786908900
0013079280980130795805800
0013079540980970738905100
0013079850980120612307900
0013083210970490132705100
0013083210970490132805100
0013083210970580172908900
0013083210970580572908900
0013083250310980234105100
0013086210970510978608900
0013089670970210879605100
0013093528890177684907900
0013095248790176857907900
0013097528650198975608900
0013207548890219571068900
0013207698250791978068900
0015001325820389381007900
0015001325890989687007900
0015002315710989587003900
0015002315940388392001700
0015002315950388392001700
0015002341930838596001700
0015002341940838397001800
0015002341950128396001800
0015004321830135293001800
0015005321180986987007900
0015005321980937958007100
0015005978980898719009800
0015006345980317958007900
0015007389190786879005900
0015012370890810789608900
0015012390790790798501800
0015015320790130873906900
0015015320790180173907900
0015015320890120683108900
0015015324490122713908300
0015015390790790798501800
0015015970390890869707900
0015016320790310789508900
0015016320890310789508900
0015016342270214916308300
0015016970890890789508900
0015017320790130613208300
0015017320890130613208300
0015024316120394392801800
0015024361130123297401700
0015027346890795679808900
0015051320130130273808900
0015051320130130283907900
0015051320130130976808900
0015051320130970243107900
0015051320130980243107900
0015051320130980243108900
0015051370130890239705100
