0017000689268971890009700
0017000896963824120009700
0018000498847699760008900
0019606358970896817089700
0019609368970791578068900
0021041320940790213403200
0021041320940890213403200
0021061423980318659207900
0021093148620798496701800
0021095780810980312502300
0021409578980973512057200
0021409578980975284086900
0023000421826139410001300
0023903127850584231091400
0024000312361241240009500
0026000197576891940008300
0026000392351841240009500
0026000689843979680009700
0031000123312461450002400
0031000123768399840009600
0031000124372491840009600
0031005839790581782008900
0031006829980588713009700
0031006829980588713009800
0031016829380362714809800
0031017928250363814909700
0031018924270414513209800
0031079846860319852407900
0032604139480582691012400
0035083170970890859709800
0038023194120523597101700
0038032196130792596801800
0038062153910728379108900
0038063142810319476808900
0038082150940980397101800
0038083170940980293101800
0038083190940790176802900
0038089175970986875905900
0038092174850917395201800
0038093150850970297101700
0038093150850980297101800
0038093170850970296101800
0038093170850980294101800
0038093170850980296101700
0038098174860977986507900
0042000869846979870007900
0068000896964788970008900
0069000987861599870009800
0071018936890287684907900
0071048936890287685907900
0071058936890287684907900
0071068974290433542107900
0078008957890797589007900
0079000469962878790009800
0079079850950870857907900
0079079850960870857907900
0079089163970816897205800
0079098670860590968707900
0081057936790288674908900
0085016928380172713909800
0097047863890919678408900
0098089647970983671908900
1201335948038201463221061
1202135214013602413613049
1203138125012408746996017
1203143612017408496796021
1204243526042108576931037
1205323861059809467871097
1206334251031209537171083
1207943261041208679531031
1207974968097807685398091
1208387251041209836781049
1208929837087908694797069
1208975896039608167997058
1209774986058709365771069
1209884679069801325489069
1305152613069809487681042
1308352971068908576997057
1309864987098609567871059
1309884976067809286171042
2109752143097807596898079
2401389756086908694797089
7508998567068908975697079
0021000421879649860009500
0012000589123457540001200
0012000798798659860007900
0012002531940978321001300
0012004231820839184007900
0012013240790890213708300
0012015230790130824906100
0012016342280134713809800
0012016342490132135402100
0012025431410121254303100
0012026345130124253101200
0012031240150310789503100
0012046312180432983107900
0012048319950386984707900
0012061239130164235805100
0012064312710438253103100
0012064312980512513409700
0012069850970120523108900
0012076350980390321405800
0012079316870399674808900
0012097580780590934706100
0012302531130972531041200
0012401235130123275087900
0012401235130122915045200
0012401253620128513093200
0012401352930138523042100
0012402351940127183086900
0012405698130134213021300
0012707698150793124024100
0013000321314821420002600
0013000619315271240003900
0013000896315621270004900
0013003241970234231001200
0013003461850833294001700
0013004257970498697001800
0013007589980787589009700
0013008579970878579009800
0013008679970878579009800
0013009578980977698007800
0013009678980977698007800
0013009687970988697008700
0013013250350210251301200
0013031240150790479808900
0013031520150510254303100
0013034296120894697801700
0013035216120594312801200
0013048516170212514309200
0013059213160524732108100
0013089214970526832105100
0013074360930890589701300
0013076598120799785601300
0013079516870299674808900
0013079528380596581707900
0013089356680799764806100
0013097850710980312509800
0014051230130790432805100
0014202314740319372086900
0014208321970138976065900
0015001325730389471008900
0015002341970834321001300
0015002341980924321001300
0015004317930897293001700
0015006381170736879005900
0015006978310898579008600
0015015324210316391202700
0015025317570794976808900
0015027341480721529309700
0015046321890933514208300
0015051320130890973808900
0015052310130790639805100
0015075369970988974608900
0015089374710979578608900
0015092378830176483901300
0015095682780918957307900
0015808579790969578086900
0015901348970976897089700
0016008795150797954007900
0017000689812979240004300
0017000697723899680007900
0018098374850987986507900
0021000538316291240003900
0021000896945624210001300
0021000987947684210001300
0021301432850979287073900
0023803127970496241089700
0023905126970188975068900
0024000896795829860007900
0026000491915833210004300
0026000689685975710009400
0026000689945174210001300
0026000698865799870009800
0026000791964834210001300
0029802146890797698094800
0031000123315461420009700
0031000123617491320007900
0031000124362471240009600
0031000124986474120005900
0031000549631249780002400
0013000869953478960008900
0031097842860317812309800
0038023154340971297801800
0038023164490711279308900
0038024153430911297601700
0038039162120942453107900
0038078193350614987207900
0038094172820946395101800
0039093168820796598701700
0042108975970898579063400
0048000869826979870007900
0059000379924873120003900
0071025936130984687907900
0071084976710319685707900
0071085932790949856107900
0071086975710219486707900
0072065918280494983607900
0073808917970496342089700
0075605978980896789086900
0079000489923788120004900
0079000689925677180004900
0079079680950670857907900
0079095687310794276803900
0079802146850796198097800
0081064978310267685907900
0081067942890343542108900
0081081937920587382907900
0081086975620319486707900
0084705978980898759069800
0087076958890976578908900
0089000389917684210008900
0089308975890899785065900
0097027581160974975308900
0097067489160265976808900
0097097586890595679808900
1201331254053202413513049
1201364978014207965898031
1201723869049209567881059
1201734629019302684313051
1201934125012502543113043
1201936958098302164313021
1201941236041202634113063
1202124153098606341298031
1202934216014505613913047
1203134152015207684998017
1203136142032109435781089
1203136142084208796521013
1203196758032101432521049
1204786759049202163413013
1205234261031201637921013
1208323461042109517371051
1208923517089708976497097
1208939167012401439836079
1208967948098608567131097
1303135214021408746931027
1303157896089609461885079
1307942316068908964731089
1308752379078902415331061
1308951897059708276997047
1309234261061509237171082
1501364798098708194797089
2108946897089708576997047
3107867489061901324689069
3107995134024104326197097
3109797382031207946898079
7108992657089701346279098
7607994768078906895779089
8104993657029706489795089
8906996748086907423897079
0012000412185366980006200
0012000619124357320001300
0012001342790311475008900
0012002531310128375004900
0012002531850129385001300
0012004319980587243009700
0012004381380971325002100
0012007645980317526009700
0012016350210310371508900
0012016350210310381507900
0012024318490491543708900
0012024351130323251401300
0012025317120514153903100
0012025371390121426303100
0012029315370491863406100
0012046318130312134505100
0012061235970168674908900
0012062341310128425303100
0012082350310130513203200
0012084230970490231805100
0012097236150196974808900
0012097648890376231905100
0012307398850317981098600
0012401243720129473086900
0012401352350312391012800
0012401352430132413012300
0012401352620319768086100
0012403251620329571086900
0012403512210319275086900
0012403512310311935024100
0012404312210319675087900
0012404312910316275086900
0012404318790494213017200
0012405312240313896013700
0012405318130595213089200
0012406392970318957068100
0012407369150986978078900
0012409578670979875086900
0012607598210791574078900
0031000123468796890009700
0013000689312571240004300
0013001243120513671008900
0013003215910287285007900
0013003254920217598001800
0013005267980897981007900
0013007291790539578008900
0013007589130785879009800
0013007689130785879009800
0013008579130876789009700
0013008679790878769006100
0013009578130975798008700
0013009587130986897007800
0013012350890890412708300
0013013520340410241301200
0013013520380120615301200
0013014320230790231401200
0013024513130214769201300
0013034251210131386207900
0013035241130945497201700
0013036258790161762908900
0013041253130972684107900
0013043251120946598201700
0013043520970190896701800
0013047258890171672908900
0013047521210131624503100
0013048210970580632505100
0013057280130970234105100
0013083526620139135205100
0013085270980890985707900
0013086214970586132505100
0013086250980890986707900
0013093281620938497201700
0013093281620938597201800
0013094271820947398201700
0013097526860196975808900
0013201243940978597062800
0013609678130894215021300
0013801324430121235024100
0013801329430121234024100
0014202351130984698021800
0014202351940138579073900
0014204321490132143015900
0014205321790135897016700
0014207314790318579068900
0014208314970978597069800
0015001325790891539006100
0015002314840299173008900
0015005361130926297001700
0015009365170795874005900
0015021340790310638505100
0015025364120315398201800
0015025386180795769809700
0015045312120942396101700
0015046312790319587407900
0015051320130310486507900
0015051320130790236805100
0015051340130890236705100
0015051342930318297305800
0015051890130790258708900
0015058370170830523109800
0015072319930988496701700
0015073290980890157809800
0015082319930977496801700
0015207395890769578068900
0015707698790799578046900
0015808397890899687057900
0016002371790971425006100
0016039582980714589307900
0016048796790899357807900
0017000386346921240001200
0017000486346921230001200
0017000491965837890009700
0017000689345971240001300
0017001389980587419009700
0019000583864794120005300
0021000137865299840009600
0021000739945274210001300
0021035421980536713209700
0021082139710289384607900
0021301324940494213083200
0021607958980798579069800
0026000124864799830009500
0028068479250983714209300
0031000123982458690009700
0031000148845294120009700
0031000649431253120002400
0031000947765299860009700
0031015230380790912406300
0031021435130584582907900
0031071932890219684707900
0031075968980593412609700
0031085921970537813209700
0031096847890796293805800
0032002134310792341007900
0034105132790989875086900
0034609578970898579068900
0038002179970688679008900
0038024153130724589107900
0038035172130942985107900
0038072130980130976805900
0038085139790789684707900
0042000614768496890009700
0042101932720499471086900
0048000698658798970008900
0049000789759689860009800
0059000679569879870009800
0071047953890316572408900
0071057968890266573908900
0071086957970396592301800
0071086970940580598701800
0075047968150792974608900
0079000589924787130004900
0079003185940798215009700
0079025174390891435208900
0079027154390711478208900
0079073189920788195605800
0079095170890570758908900
0081068947170394512809800
0089059182380519687507900
0091097846890313672808900
0097017859890179674808900
0097067849160175973808900
0097071859890989678408900
0097074561890129678508900
0097075869890979265807900
0097097486890985672908900
1201353821089508764931038
1201387459031208429731089
1203131982058408476913021
1203136829019809467883013
1205175986037609483781079
1205946987098708563997048
1206835189043901324521079
1206864789031407569891079
1207924168032409648181097
1208334251098608637297097
1208343251054908417991067
1208343261054707815991098
1208934758089605342197097
1209323461041209587371081
1209834251089708536797089
1302751439021404721389069
1304236421021308576997018
1305151423097808597697097
1305157293021407648998067
1305954937097809586771029
1306858679069805234131098
1307987964087909485781089
1308375241021309745871069
1308958697043705124396069
1309854276021309632871013
2107947968042107985698089
2107994867097805392197098
2108945897089608264997078
2108998367031406427197098
2508964897014207956898079
3107997268091806234198097
3107997485032407619898069
7107992658098607498695098
7608998647098607391894079
8107994768078908394798089
0021000321568978970008900
0012000312132456870007900
0012000412412356350002300
0012000412412367260004300
0012000412926483120008900
0012002531310978394005800
0012005312720319385007900
0012008679890171734005100
0012014230890890614708300
0012015230230120974308900
0012015342310317256403100
0012018352250363951807900
0012026314310387985607900
0012026349390121423603100
0012027310130830234108900
0012031240120790425803100
0012031240120890425703100
0012042391170122513409800
0012051230130890436705100
0012051230130980975108900
0012051370130510698302700
0012069312970368674908900
0012082356310799576803100
0012401352130132513042600
0012401352130136973086900
0012401352130316587078900
0012401357720139473086900
0012402315210311325064100
0012402315610319475086900
0012402351910326471086900
0012405312420315987086900
0012405312630312137042100
0012407859890127589068900
0012408236970138975065900
0013000321984764620009500
0013000421982138760001300
0013000968346121250001300
0013001328850799256003100
0013002341130985486001300
0013002341310978456003100
0013002341790981837005100
0013004213970217315008300
0013005213720219385007900
0013005241130935491001700
0013007528890131234003100
0013008251170975976005900
0013015274310122456103100
0013015297970896974808900
0013016274310972451303100
0013018524390132548107900
0013024561390971524303100
0013027541490971425303100
0013032510130890139705100
0013034251130945791201700
0013036241210931576208900
0013038241790846587207900
0013043261920937591201800
0013047251790133614208300
0013064510120290825703100
0013067259890179576808900
0013085219620989486707900
0013089512970516892305800
0013093518850297985601300
0013095268620798392701700
0013097281890122614308300
0013608579970986172086900
0014202351130134613021300
0014202351970136597089700
0014204321970138543068900
0014205321310135213067300
0015005321130985234006100
0015005398790792351004900
0015009785970795231006100
0015012370390170876907900
0015014320210310674508900
0015014326490132513808300
0015015320790890253807900
0015024315130313792801800
0015048319120262693801700
0015052980130790159809800
0015067324890129678108900
0015081396620899487507900
0015082317940391392801800
0015085396710899687407900
0015086394620819587207900
0015098340310970342105900
0016000689385971930007900
0016015374290974758908900
0016026341970933418209800
0017000382687941720009800
0017000689264976980001200
0017000798792869860006300
0018034251980938317209800
0019095382630618297401800
0021000321231461270001400
0021000321921457140003500
0021305481970978976068900
0026000798915864210009800
0026106187970798579068900
0027606148970896879089600
0031000124725494120007900
0031000149315271420009700
0031000549431263120002400
0031000947781299680009700
0031006129950584213008300
0031065927970318975408900
0031079846950288753908900
0031095876710218263703900
0038002134940798396001800
0038024153390981287907900
0038024163130714719509600
0038028157890984687907900
0038038152890717689407900
0038038162790942587107900
0038082130940980394501800
0039000489946788210009800
0048000798748699860003900
0069000789794689680007900
0069000789795689680007900
0071064978790262384907900
0078013950890790549808900
0079000189928677130003900
0079000689925688120004900
0079000689965787310009800
0079032154130714678904900
0079026143390211357207900
0079803986940795296021800
0081003948970798975008900
0081048965790315689707900
0081086975790319852707900
0089083152980616987407900
0097027814150974978608900
0097046897390682758908900
0097073849820179576808900
0097075849830269276808900
0097075869890269671808900
0097076839130176975808900
0097076849890979571808900
0097076859830169274808900
0097097548890175678908900
0097097861860926978508900
1203131642038507698594097
1203136152012409346884079
1203143852079808461931098
1204135412041206123413059
1204136412041206123413059
1207334251013407613593063
1207979468031209624871059
1208364321071301524338061
1209325941031209478681079
1301832859069409467881069
1301857689021307846931098
1302776859089601453939018
1303138425023108695731049
1304956798079109486771059
1304974968067203261415031
1308152143067908467921067
1308342631068909416781019
1308358261021708549697042
1309254231071509846781079
1309741832089608964797089
1309854321097808657931038
1508967894089607964896079
3105985697089705283697089
3106889675068901325738089
7104992658049207583993018
7908996827087908491697079
8307997648029607589698089
9408986497012407965898079
0012003291150832165002100
0012024381130933587201300
0012026341310121587307900
0012065312970318127403100
0012301235620129475086900
0012301235720129475086900
0012402315310312315045200
0012402315740319574086900
0012402351610128413096300
0012409678720979178086900
0014208679160318759079800
0012607598890799476065900
0012607698890792613048300
0012607698890793671078900
0012801234620129574086900
0013001328850799258003100
0013003215740289685007900
0013004598890791528003100
0013006253310218579008900
0013007548980137312009800
0013008579790581352001300
0013012340890890615708300
0013012360790890415708300
0013034281210131387207900
0013043271210841476208900
0013046528130172135905100
0013064213980528632105100
0013064219130264296801800
0013067510120480682901300
0013067529280133524109700
0013079250980120512302300
0013083214970526432105100
0013086279620989486707900
0013089524970136135205100
0013094218720798794601800
0013094520720830386101300
0013097580780790932505100
0013097581890127514308300
0013098251850127982307900
0013209578130974518021300
0014204321410342391012800
0015002314750299683007900
0015002315750289683007900
0015004397890895213008300
0015008314830399582007900
0015014320890790634805100
0015014380790970637105100
0015015378370934978608900
0015024379130864579808900
0015048379290266794806800
0015065321970148613208300
0015065798790173857907900
0015075329970174976808900
0015081392930316217404300
0015098675850126958107900
0015901278620979478086900
0016005231890981398001200
0016026473130924278108900
0017000897235816890001300
0017071350960890859707900
0017607689790688579068900
0018000698875699340001200
0018000869486978690009700
0021028951970933614209800
0021052140830290195805800
0021084130970490912808300
0021097486750218975408900
0021607598890797698012800
0021702149710989478086900
0023109578850977498096800
0029702178710599478086900
0031000126612439360002400
0031003167310898279004900
0031034120970580573908900
0031067851250327812409300
0031095867610318274504900
0032106148970976897089700
0038053149120267496801800
0038074196890139674808900
0039023146120184187907900
0046000689648979270003900
0048000698658798690009700
0048000798748698560007900
0071025938890267685908900
0071048936150216985707900
0071086957710219473508900
0071086974620319478208900
0073907986890187589068900
0079023154490211478208900
0079037189290761576808900
0079808916890797698094800
0089004138810799876005900
0089032158240791364701900
0089069487980685687907900
0089085970970680178904900
0097021896980617658907900
0097028596150893986407900
0097045892130512458907900
0097069845970978671908900
0098029716160795769808900
1201837129083601524321031
1203131462042105698713098
1203131642041208579697079
1203131782038608597694098
1203134152013207629513079
1203134182013204621313098
1203245821069109765881049
1207926918087909586781089
1207938195012409486779089
1207967598032107642598031
1208934867087908795621079
1208975896039608167997047
1209225341031209625781069
1301364978012401543232098
1301378469021308627997098
1301884659069709286781089
1307996487098605234197097
1308982637041209576871019
1309756978021408465731089
1401858469071201623829049
2107997568046907684998087
2108946897024109452773079
3105985967068201263489089
3105989647024107589698089
3107992854069809472173098
3108984267021405769889079
3109789765089709385772089
3109886279081602534197089
7203996827087408491697059
9507976298074807914898069
0012000312132462160002400
0021000879351671240008900
0012003241310988517009700
0012004398810799685007900
0012005312130315716001200
0012007385980317631005100
0012017340380980925106100
0012021345350311345202100
0012021360130790528702100
0012024351490121893601700
0012025310190310798602100
0012025341390121257303100
0012028351390121723503100
0012056317970366974808900
0012062314540518153203100
0012068314170514513209700
0012076240980130523803100
0012081230970490931805100
0012401253360122813012300
0012402315890492513074300
0012402315970316395089700
0012405231970526421086900
0012408659970126973086900
0012501234620139475086900
0013006213890511796001700
0013006258310138769009800
0013007528160793514008300
0013009258970138517008300
0013009678980977298001700
0013015240790790426503100
0013017254490122837105100
0013034216130792694501700
0013035216970591972808900
0013047251790243571208900
0013073241890139478208900
0013201243720169472086900
0013203215980583152024100
0013209578980971598067800
0013209587270986897095700
0013209678810976498097800
0014201234940916312082300
0014204321710349871086900
0014204321890137253096800
0014205321890137253096800
0014205321970138613071200
0015006371810929718008300
0015007368890759674008900
0015015370790310682507900
0015017340790170853906100
0015017390790890431705100
0015026314170423978108900
0015045321130977896501800
0015051920130980213508300
0015054320130120683107900
0015071320980120653109800
0015089371970986378208900
0015095382620948697301800
0015097312190313512408300
0015098372850217986507900
0017041352890815719408300
0017807589790678579068900
0018708579790586789086900
0021019340310380312505800
0021042531980526512309700
0021097468750318975408900
0026000589864973810009300
0026000698621439340001300
0031000123862499850007900
0031000147785299680009700
0031005879790581748001300
0031201423940491243043900
0038000198486798690009700
0038028176390981685207900
0038067145890799576808900
0038073152910718279408900
0038075169890989175608900
0038086170970970352109800
0038086170970980352109800
0043000213873299410009500
0043000821829169470001600
0048000798578691460003900
0049000689963787950008900
0058000798758699860003900
0071058936890583582907900
0071085973790329856107900
0071087956120797496801800
0078607958890797589046900
0079027143490791572608900
0079094180810170687908900
0081048967390211684507900
0081083942620219587407900
0081086927910586583907900
0089078560960790982507900
0089089127620799675808900
0097025836390971825407900
0097047869390177649808900
0097061894890519478608900
0097071560950590958707900
0097076849130976972808900
0098029758150268746908900
1201363124012408467397031
1201836729012402453113053
1203186795041208546931017
1206737829042101364221031
1208936847087907391895079
1209731286031209641874079
1303956817012408576997028
1308332651048208194596079
2409778231031208946797089
3102364231023108316997048
3104884769079801587689098
3107987596021409365779089
3109895476089601324689089
0012000312312461450002400
0012000869184972970006200
0012016345390132713808300
0012056230130580581907900
0012062351970848614209800
0012402315970313815021300
0013000421752139460001300
0013000547782599730009400
0013003214740599682007900
0013003528980137689007900
0013007569130176512008300
0013009521970987896006700
0013014270890980528103100
0013018250790790439805100
0013026517130294175808900
0013031254940134318502300
0013043258120212641301200
0013045213130792674108900
0013048291150127986307900
0013057241890933678208900
0013075241890939675208900
0013079582860219876505900
0013089571970136572908900
0013089576710139572808900
0013097586890797695805800
0013209578970976378085900
0015001325270981253009800
0015025398790866487907900
0015026318120393592601800
0015056390130790513208300
0015076390950890167807900
0015093280820130586901300
0015098314850987986507900
0015808396670898967096100
0016000321184937980006200
0017407689290524879016900
0018000269675981230005400
0018000268783959760009400
0021075689890979374808900
0021098140310270613909700
0023903127310584281086900
0026000398946874210008900
0026000698945863210009700
0029802179790579578086900
0029609158720799478086900
0031000548431263120008900
0031049678980261685907900
0038039176970596579808900
0038093167820926597801800
0038095168620798392601800
0039025178390891853407900
0042000213726399150003900
0069000789924687380007900
0071087946490799576808900
0081067948890363682908900
0081068973790219658707900
0081076948890272783908900
0081087956790219678408900
0097064893850519648208900
1206736829049308561997048
1206981297063702415713089
1302976948048109273171063
1307956798028606415231084
1309352361059409468771079
1309746231094609215721013
1309864987024109523181042
2104997368032107513698029
2105634215021309642883079
2108998567041205347197098
3101386749021301325989028
0012000241713529340002600
0012025317130383485901300
0012036240150190453803100
0012046230580190986707900
0012054260130310297501700
0012085270970690958708900
0012402319210389475086900
0012405631130494231021400
0013000321512439260003400
0013000389352481240009500
0013000689342571230001400
0013002581280981425003100
0013002598380791625003100
0013035216270496972808900
0013063241790948695201700
0013082540310970342905800
0013085261620849687207900
0013096524680138765209800
0013401256850127312092300
0014204321970348571068900
0014205321970346231086100
0018021354850727259103900
0018909578980368795065800
0021000439973283210008600
0021000537874299860009800
0029804167720799175086900
0031000529928478120004900
0031000549431263120007900
0031003127970498613008300
0031053140810390295805800
0038000698568796890009700
0038025198120574687907900
0038025198120674687907900
0038027165390981573208900
0039000287875694210009700
0048000698538798690009700
0051000987987468760009800
0069809786970792415068900
0071072943930218497601800
0081046958130797984607900
0089023158490791658407900
0089048912160316987307900
0097024613490977684907900
0097025839790264659807900
0097034568130972185907900
0097071869820269475808900
1208323951013208679497072
1208336241031608549397071
1208935192012401436836079
1209735214079809465889079
1305151943058901263824013
1307956498091509528131062
1309357381098608297631051
1309845321098405213431013
3108989176083606324197098
7208995867032408479597079
0012002639790181826003100
0012025317130584123606100
0012405318680498213094200
0013015240790970825103100
0013023510310890486708900
0013034216970586142909700
0013043251120282461301300
0013072564930136498701800
0013083241620139456207900
0013098251790843586207900
0014205321790132893013700
0015001347890891572008900
0015016340890980437105100
0015059320130120173608900
0015059360130790574808900
0015098361790941463207900
0015607698790792138086900
0015808679790318759041200
0016013520320980153204900
0016807689210767589016900
0021000321231456250001400
0021089521970546893205800
0026000896315821240009700
0028065178130593289701300
0028902197970586847089700
0031045839790585892607800
0031063827970498573608900
0031075860980490213809300
0032045137130582671908900
0038059167160792794808700
0038073120980970453109800
0038082190940130394801800
0038083170940980596401700
0071053968310797489607900
0071082975790219658707900
0072005918890491245008900
0079000879924683960007900
0079038261160792983607900
0081004927980497325009800
0097076849980175462807900
1203131675041207695893013
1203167958042107352198043
1203183675068901432521089
1207969748042103658118097
1301957698012303254115023
1305152143069808543631098
1307956948098308475997068
3108954367021405827497098
7108993867021401827689098
0012024351970121974308900
0012029316310591453703100
0013009518970498172004900
0013013254890164612308300
0013043257120896597801800
0013048523890516731206100
0013054213130528792101800
0013054213130797295401800
0013056270130130935805100
0013075261890849375208900
0013079850980130537107900
0014206354970316597089700
0015016340790970837105100
0015062314970893412609700
0015072340980130413809300
0016013246480792653807900
0016045386170972857409700
0017000689468978430009700
0021013426490312794301800
0031047526190582613408300
0032000849632181240001500
0079023164590711698705800
0081045938130797489607900
0081057968130364678905900
0094097865160216975408900
0097063849310177956807900
1201939126012402643113053
1209863241098603465715089
2406965718078907695898079
3107982943097806423197097
3109798751098708392797089
8107993168024106598784098
0012028316390591763403100
0012097351130128293501800
0012407345980987928085100
0013063241970978476308900
0015067398890793412708300
0015076340980130543807900
0015085390310890312709800
0016806389210763719014200
0017014592390612513408300
0017607689310682679018900
0023000421246134350008900
0025808579890877589064900
0031046857240311352407900
0038072130980980754109800
0072086974620129476508900
0081006938890791489007900
0084013426790386851907900
0085087946250395976808900
0097057869130173574808900
0097065897790584358907900
1209886975038208456331051
7108992857047608697597097
0013001283970218674008900
0013002519850583156003100
0013004291890721754003100
0013008597130895936005800
0016009678160977458007900
0017000496967858960001300
0023000421426132750008900
0081085936910586487907900
0089098374860837986507900
0094094738130797589607900
0097025431130974671908900
0097097563750978974508900
1202337451042109867421031
0013015264270133978508900
0013058216790586582107900
0014208394710319378086900
0015076340980970473105900
0026107589790736589081900
0074000127724199180004900
1308958967012305674379098
0012085340970890625703100
0016401253850125312062300
0031013842380312716409700
0089046132620898947608900
0089085162690799853607900
0097013542390972586407900
0097017586890979675208900
0013008513890211239005100
0013209687970948537063100
0049000689912377280003900
0014205364890979678071200
0013013254920136498501700
