0015051380130790239805100
0015068790190890697807800
0015068970190890689707900
0015072380940980397101700
0015075291980826987407900
0015075320980120753109800
0015075980890790759808900
0015075980890790769808900
0015076980980970957807900
0015079380980980387107900
0015082370940970398101700
0015085790790870857907900
0015092375830987498601700
0015607698790799378086900
0016000689468972930008900
0016006298980796718009800
0016006298980797968007100
0016015290280890957807900
0016018392260833987107900
0016067980180790519809700
0016067980180790679809800
0016072390980890197809800
0016075980890790759808900
0016085392980816987507900
0017000281784968960006300
0017000281876959870009800
0017000289856979240001300
0017000689312971240004900
0017000689468972140009700
0017000689468972930008900
0017000689832979680001300
0017000689865974120009700
0017000698293841240001200
0017000896794829860007900
0018607598790799275086900
0018607698740799376086900
0019009587780599587007900
0019009587780599687007900
0019009687780599587007900
0021000132316251240003900
0021000489945373210001300
0021000589984674210001300
0021000648845294210001300
0021000749948273210001300
0021000869946273210001300
0021002134930597592001700
0021007139980587612009700
0021024159130264193802700
0021052130830290195705800
0021078130950290986707900
0021087590790830532108900
0021089570970830523108900
0021097130860290976808900
0021707598980795978086900
0023000421956134210001300
0026000182687941240001300
0026000193964878960008300
0026000689468972410009700
0026000689568971240001300
0026000689861979850009800
0026000697764894210001300
0026000698934864210001300
0026000798945863210001300
0029000689945673210001300
0031000123762499840009600
0031000123785499740009700
0031000123876493120005400
0031000123986474120002400
0031000124312491240009600
0031000124368497890009700
0031000124375491420009700
0031000124786491320005400
0031000124865499820009700
0031000124974683120009500
0031000129976484120002400
0031000231514239280003900
0031000958486792610009700
0031017853890216573208900
0031025849180984986707900
0031048129150386984707900
0031067829950388974608900
0031067829950388975608900
0031069857850219853207900
0031076830970290976808900
0031087690980890512709800
0031097846850317812509800
0032042130970170875909800
0038000198785691320009700
0038002179940987395001800
0038004132970978697001800
0038023154140924297101800
0038024163120924397101800
0038028139150983986707900
0038042163150922397101800
0038072193890799576808900
0038083159920976597801700
0038083190940790296801800
0038083197920596597801800
0038607598790799876081900
0039079120980170587907900
0051000869916278970008900
0051000869936278970008900
0071005968970498975008900
0071005987710599687007900
0071015938890266785908900
0071017938790268675908900
0071025938890266785908900
0071026953130214163207900
0071057968890264678908900
0071067943890219576808900
0071067958890365672908900
0071068947790384582907900
0079009185970798576008900
0079028173490611678207900
0079042163130892197605800
0079068159790289684707900
0079075960980790758109800
0081047953290211543208900
0081076958970268473908900
0081085970970590968708900
0081086947970316472308900
0082108957970396971086900
0089000489947683120007900
0089009185970798576008900
0089009185970798675008900
0092069748980162583907900
0097018639250984986707900
0097019854280313541207900
0097027891130624978608900
0097045891980837986407900
0097057869150972974808900
0097067589150973975808900
0097067891950828976508900
0097067891950838976408900
0097067893950818976408900
0097069817970388672908900
0097071589890979275808900
1201231246031202439115083
1201287964014201364279031
1201331642098608692597031
1201334258031203146215031
1201931426042302514313051
1201934125012602643113042
1201934126012501634223031
1202126143042108543931058
1203134152013206578913012
1203136142013205987613013
1203163245041209657881013
1203186957013205421313041
1203223461041207624991017
1203223641049209586781019
1204134192032609657881089
1204524136032108576931028
1205925431041207324991017
1207934167097801324621098
1207934968032408659731089
1207949768069807182998047
1208335241034909417381061
1208934251031208576931017
1208959867037408597697098
1208964897039609567871059
1209746789049601364221071
1209754132032108647931057
1209834261031509637171083
1209895867039809467881049
1307959768069807281998027
1307959768069807483598097
1308984967012507659892079
2108786479021504326194097
2108915697031209476872079
2409797568097807694898079
7107994768028908395795089
7608993847089608967497098
8107994658038908296797089
0012000418183497980006200
0012000869296176890006200
0012000986724919680001200
0012001234830199284007900
0012002317130895123005800
0012002318130795123005800
0012002341850989158003100
0012002348940132153003100
0012002391130125184004900
0012003258310138243005800
0012003258310138253004900
0012004319980587123009800
0012005231130582491001200
0012005237130495281001300
0012005312360581853007900
0012005319130585283001300
0012005319970588213009800
0012005319980587213009800
0012006319970588123009700
0012006348970138413008300
0012006348980137123009800
0012006958890131253007900
0012007315980317395001700
0012007689950177869009100
0012007698290791826003100
0012007698390791473008900
0012007968890131623008900
0012008317890491523006100
0012009345980317698001700
0012009587170592613008300
0012009768970135823006100
0012012430390170875901200
0012013240210190213405800
0012014230790580831905100
0012015230360180814909800
0012015230380190796801800
0012015230790490831706100
0012015230790580821906100
0012015230890490691708700
0012016230790120714508300
0012016230790120715608300
0012016240890310471508900
0012016350890310321505100
0012017250790890513708300
0012018350790310321504100
0012019350380310381507900
0012021350790180687903100
0012021430130170586902100
0012021430130180568902100
0012021530130120598602100
0012024361160123817409800
0012025310180580613909800
0012025314370581823609700
0012025631310121259403100
0012025938310171254903100
0012041230920130314204900
0012049768130172185907900
0012051230820130314204900
0012051340130180213504200
0012052314830319165205800
0012054312910548253103100
0012062314730319135205800
0012062314910527453103100
0012062318970398964705100
0012065318830599283601300
0012068970170180678909800
0012069780180170786905100
0012079380980510621307900
0012084350310980523103100
0012089350310980423103100
0012089657970396431805100
0012402315210588913013200
0012402316210491423053100
0012402318130492153097800
0012402318130594713021300
0012405312130492153049800
0012406318130494813021300
0012406319130584913021300
0012407319460582513012300
0012408319890582513017300
0012409318310492513014300
0012607598790795691098700
0012607598790798516098700
0013000214786499230009400
0013000589984673120005300
0013000897426512130004900
0013002513130516978008900
0013002513940588392001300
0013002519890581342007900
0013002578210131529003100
0013003214120796598001800
0013003214890291675008900
0013003218940798295001300
0013003241150833152009800
0013003251160123897001800
0013003281820979587007900
0013003521850499281001300
0013003521850589271001200
0013003521850589281001200
0013005281190725789008900
0013005291130725798001700
0013005321790981675008900
0013005321790981678008900
0013005798130135286001300
0013006241120827859003100
0013006519790581532008900
0013006798130135294001800
0013006958790131342007900
0013007251310829867003100
0013007523160515978008900
0013007589380181234005100
0013007589890175132005100
0013007589890185132005100
0013007598130795218008300
0013007689380181432005100
0013007689950787859009100
0013007689950787869009100
0013008521130836987007900
0013008541160123712009700
0013008549890131732005100
0013008579970188296001700
0013008597920898397001800
0013009578970138236005100
0013009671370121832005100
0013009678370891235005100
0013009678710899875005900
0013009687170593612008300
0013009768970135832006100
0013012350310180312504900
0013012350790210897301700
0013013240380170768901300
0013013240790790431805100
0013013250890790239805100
0013013520210170768909800
0013013520790410241304900
0013017390890890514708300
0013017520260190976808900
0013018250790130759803100
0013018270790130759803100
0013018540790270731905100
0013021548420131342905800
0013023541120133915208300
0013032540130180132504900
0013038217210491432505100
0013039682170132834105100
0013043216980588512909800
0013043261210841839205100
0013043521620137135205100
0013045213130722895101700
0013045261210941364207900
0013046271210841435205100
0013047529950176974808900
0013053210820290195805800
0013053290120890697801700
0013054270130970298101700
0013054270130980298101800
0013054280130970297101700
0013054290130790798501700
0013054290130790798501800
0013068790160170728909100
0013073210980580712909300
0013073290120890697801800
0013075698130794291601800
0013078519150286985707900
0013079260950130715408300
0013079620980120738905100
0013086210970970352109800
0013086521970136135205100
0013089570310980432105100
0013089647970296591801300
0013089657970136412508300
0013097360890180875906100
0014208697790319572086900
0015002314810399372008900
0015002314810399382007900
0015002314930398492001800
0015002314930798596001700
0015002315710389382007900
0015002315810389382007900
0015002315810989786008900
0015002381970988637005100
0015004321310831253003800
0015004321810979587007900
0015004321920328391001700
0015004328930137293001700
0015004328930137293001800
0015005328130136293001700
0015005371970975178008900
0015006317180895987007900
0015007985980797519009800
0015014320790120253105800
0015014320790310231505100
0015014320790790769806100
0015014370890970378108900
0015014380380790189507900
0015015320790120713608300
0015015320790130493801700
0015015320790310671508900
0015015342390312716308300
0015016320790120713508300
0015016320790130713808300
0015016320890120713908300
0015017325290134613208300
0015017380890130679808900
0015017586790793679808900
0015019324270134613208300
0015024316130986847901200
0015027314190313614208300
0015045312980318716409800
0015051320130130684907900
0015051370130310978508900
0015051380130790689507900
0015052370130980678108900
0015054370130310978508900
0015057890180890597809800
0015057890190870837905100
0015057890190890697808700
0015059380130790189507900
0015062398940797398601700
0015071320980130293809800
0015071320980130493809800
0015074391920848397201700
0015082370310970378108900
0015085319980266794801800
0015086370970970298101800
0015089370310980378108900
0015092370850980398101800
0015092380310970387107900
0015092380850970397101800
0015092380850980397101800
0015094570710970678908900
0015095283820716389201300
0015095780720930387101300
0015607598710799278086900
0016000589684971930006200
0016000987284911630009700
0016006271980986718009700
0016006297710899867007900
0016007985980797619009700
0016007985980797619009800
0016015283390922857107900
0016073290920870587901300
0016089670970970574108900
0017000297476892830009400
0017000396936821240001200
0017000489586971930006200
0017000896317821240004900
0017005231820835312001200
0018000361785968940006200
0018607698610799475086900
0018607698740799275086900
0019094278620898396701800
0021002134810299384007900
0021002134970298695001800
0021002175810989578008900
0021003521850979785001300
0021012340310390312405800
0021607698890792513018300
0023000421425132170003900
0029000489321541450001300
0031000124925483120009400
0031001238890491432008900
0031005827980498713009700
0031005837790491782008900
0031005897810599687007900
0031007829890581623008900
0031007829980587613009700
0031007869980587614009800
0031007928980497613009800
0031008679970588613009700
0031016830380290986707900
0031043120910390295705800
0031059830970270674908900
0031075980980270715909700
0031076820970580813909700
0031076820980370714909700
0031076859980218213409800
0031076958970264813909700
0031079856850299853707900
0031097820860390974808900
0035085129790189853607900
0038002169930988697001700
0038003125920988596001700
0038005123980796985007900
0038005179980987395001700
0038008129830989587007900
0038023146120596497801700
0038024173130923245108900
0038034152120932697101800
0038038129160984986707900
0038039178170594879605900
0038043162120918597401700
0038065132970218697401800
0038065142790319687407900
0038076130980790751809800
0038082130940130397801800
0038085170970980276108900
0038087196980797296801800
0042000643468197890009700
0059000789928677130004900
0071007958980497623009800
0071008967810899785002900
0071027945890211463208900
0071048921290541643207900
0071067938160277864909800
0071086957790399172805900
0072002938970498431009700
0072084937620129675808900
0075007981890981523008900
0075067982890939573108900
0075074912970316312409700
0079000879916288210004900
0079025134480211954207900
0079051230890180857907900
0079089157720799478608900
0079092180810790795805800
0081005928970398695001800
0081068957970393972805900
0081076984890219174308900
0081078946490982583907900
0081081926620499573803900
0081082935710219685707900
0081083952710219687407900
0081086974620319486207900
0081086974790319186307900
0089000189927687130004900
0089000389926784120004900
0089025183390711786208900
0089028173350811986207900
0089062178830899186707900
0089062178850899185703900
0093065819810269674808900
0097013462490812579408900
0097029583980617689407900
0097057869150572974808900
0097057896250521978308900
0097071839890269764808900
0097072896890529658707900
1201339748068307596898021
1201934125052602134513039
1203134162053906328521079
1203141823069809475883013
1203163142042109846781059
1204134162032709658771098
1204134182032609657871097
1204226431041209365881019
1205923947067909486771079
1207943251059808476931098
1207967895089601564739089
1209754321032108647931038
1209836871096808396797059
1305151423021308674994013
1305164123023109657881039
1308342351041909657871069
1309254271021409546871089
1408956897019509376872079
2109843251094807416898079
3104883769089705689797089
3109883721098608694797089
7608998567078907314895079
8104996857027307396894079
9207981745038908496795089
9307971895027508596794089
0012000896927818120003900
0012002659890175473008900
0012003258970132153005800
0012003279310189578004900
0012005231890971834006100
0012005231890981897006700
0012005278890131829007900
0012007589380181453009800
0012008697130895196002700
0012008697130895493001800
0012009578380891253007800
0012024318390491583701300
0012024361160943718209200
0012025314170495813709800
0012071340930690297805800
0012079680980980793405100
0012087690310790231805100
0012089270970980253105800
0012308694890313251097800
0012407318790495213098200
0012407319620589573086900
0012607598790792631068100
0012607958890792613018300
0013001247160896879005900
0013001248130795248005800
0013001297130895236005800
0013001528790131324007900
0013001529970588321009700
0013002578850894129003100
0013003218310798234004900
0013003281920988697001800
0013003521890981235004900
0013003568310798235005100
0013005671980937698001800
0013006218130495892001800
0013006978310138259003100
0013007519980587312009800
0013007629130186897001800
0013007698130795132005800
0013008549790131532006100
0013013290790790798501800
0013013520790890135205100
0013016290790790798501800
0013017253250814916208300
0013017260890970235105100
0013043251940428296301800
0013056290130790798501800
0013071250930490296705800
0013073280940970297101700
0013078950890170786906100
0013081524930137245105800
0013083270940970298101700
0013089570310970498103800
0013089570310970598107800
0013089570310970798102700
0013089570310980398104800
0013089670310970698107800
0013093270850980298101700
0013093270850980298101800
0013093271850927298301800
0013093280850970297101800
0013097560810790231505100
0015001324730199273008900
0015002314850395392001800
0015002314940394392001800
0015002315230381492001800
0015002341930838697001800
0015002361940988397001700
0015005319980278769009100
0015005329380181243007900
0015007391790831576008900
0015012340890970352104800
0015014320390970673108900
0015014320790310291501800
0015015320790310831506100
0015015320890310831506100
0015015340890710789508900
0015051380830970287104900
0015058320130130183907900
0015058320130130683907900
0015059380970170834905100
0015071320980130273805900
0015071320980130473805900
0015071320980130513809300
0015071320980130713809300
0015081320970130493802700
0015081320970130613808300
0015081324950315371202900
0015082340310970342105900
0015091780790790459807900
0015092367850797391801800
0015094328620398391601800
0016000897926818170003900
0016003251940987298001300
0016003281790971235001200
0016004381890981235007900
0016005297970895687001300
0016092380830980587101300
0017000392976843820009400
0017009281970978496001800
0018009271980977145007900
0019000389935684120009700
0021002431940988597001800
0021017428490492513608300
0021607598790793812015200
0025072190950180857907900
0026000896916824210008900
0026042158930797498601700
0029052134890899617808300
0031006879970588514009800
0031027891180843614209700
0031078930960570712909700
0031078940960270713909800
0031096850810290893702700
0038002134930798496001800
0038007194810799476008900
0038008125890981587007900
0038023154140924897101800
0038076150980970754109800
0038083170970980253109800
0038093154720918497601800
0039000241974863210008600
0039063142120618697401700
0039097152890846342108900
0071003951790982143007900
0071058970790580386907900
0071063925920318496701800
0072014930890580371908900
0079009148940798796001800
0079025148490791852707900
0079035167120892364101900
0079057180890180674908900
0079095281580536987407900
0081063942920318597601800
0081081923620319687407900
0081086937910587582907900
0089025174480611958207900
0094027859150175976808900
0094067839890169362808900
1202474896037508596731089
1203134215013205864313051
1204143162042809657871097
1204924937097207586991017
1205165879087908796431082
1205174869069808579631079
1208335491032109415871029
1208336241041201736579012
1209335241041209738521031
1209746321032108967531031
1209864231031208697431012
1303142765068908491731089
1304242631068908476931017
1507998165097804623197098
2108948967031209457172098
2108998467041209524172097
3109789751089609684773089
7104992678038607598694097
7109797648098607692895079
8108994357021407649895079
0012005689920177395001700
0013003528160133815009700
0013003581310988234005100
0013004571380971235005100
0013007521390981235005100
0013097680810790632505100
0015002314130895697001700
0015002315850385312008300
0015004368920138597001800
0015005321830835213009700
0015005371790121352002800
0015008679160177958007900
0015079680130980234106100
0016002351310979328005800
0031002541940988173003900
0038003125710389275008900
0038004175970984295001800
0038032160850970397101700
0038042160930980137905800
0071003967890491423007900
0071006957890491759008900
0073003917890491642007900
0081002968890593142008900
0089024135480891952807900
1201354289031208679431052
1203153612048908697531061
1203186957098607432898013
1302934215091309735871049
1305154187012407659892079
8104993867049804679895079
0013031580150580312509800
0012000312984764120009500
0012000397746899240001200
0012002431940127385001300
0012002531940128154003100
0012009345970315897005800
0012012350240130153203100
0012015234290133715908300
0012017394210123254103100
0012021340150180213503200
0012021350140980231503100
0012025341170343891209700
0012026341180343981207900
0012032510210520523103100
0012087690160590958708900
0012087690980790935805100
0012087690980890935705100
0012305261130974213021300
0012401352620139473086900
0012401352720139873086900
0012403512310312715012300
0012403512790313214014200
0013000421249731230001200
0013000428246191230001200
0013000879764989860009700
0013000978874699860009700
0013001523130125274004900
0013001523130125284004900
0013015320230510241301300
0013041320920120385104900
0013079850960180786908900
0013201243850219287073900
0014207321790349871086900
0015026348130795798601800
0016006385890797859007900
0016015290380890967807900
0016083290310890957807900
0016086970970980958708900
0021000321915733210003900
0021000528876399810009700
0021016432280513712409700
0021025134380496792809800
0027000689314971230007900
0031000123756891420009400
0031000987784699760009800
0031015432290413712408300
0037000213784692410009500
0071007938850299865009800
0071045962260311352401900
0071076958970368572908900
0078905938970978957068900
0079093167810896297805800
0081076958970368172908900
0087008967970898679005900
0089058976160892715809800
0089075689980784986707900
0097097568890935678908900
1201374689031201634221031
1203134215013209614383051
1203136245013208746993017
1208335241043702316431098
1208975896039709476871049
1301387964014201264379031
1302342631019507684994018
1308342361051705124394098
8104993768028707498695098
0014201234250134312012300
0012000312986473120002400
0012000412986574120002300
0012013250350310281501300
0012021430150510251303100
0012402351210127598013700
0013000689285671320001300
0013001243890125312005200
0013013520240590231401200
0013013520250480231501200
0013043521310131245605800
0079000587874699860009800
0079000879935878960007900
0079000987872499860009800
0079093178810697298605800
1203136142032103152414059
0013000627274191320001300
0013203214310511432026100
0026000195975868930008400
0079000189963788960007900
1309896857029609478681079
0012000412412362350002300
0013203214790513412015200
0021000321956423210001400
0079000689963788920008900
0012041236230121235405800
0016056789890784789608900
0021000869261346890009700
0021000879163247890009700
0012009687120596897001800
0012009687710599857003100
0012028317390581723906100
0012097358890176573908900
0012069341980128793405800
0012089657210194213608300
0012402315970582413089600
0012404319130582153079800
0012406318130592143068900
0012406351970128913068300
0012407598160795974068900
0012407698160792971068900
0031604128130494213021300
0031705129130584213021300
0031706129970588973068900
0031000231315421240004900
0013000321697841420008900
0031000897524319160003900
0013009587710799785008900
0013037248290161832905100
0013063528850599281601300
0013087590310890697802700
0013071528820499321704900
0013206798970796842089700
0014204321130132143068900
0014205321130132143068900
0014205321130132153069800
0014205321130132153079800
0015001324380891234005100
0015017380890790839505100
0016016298480792718609800
0017000389316971240003200
0017000589532971240001300
0012000879263146890009700
0021062134830219584201300
0021097438890267514908300
0026000397361891240009500
0026000689864979870007900
0026000689864979780009700
0013000213768599870009500
0013000213867599850009800
0013000214568797890009700
0031027843390211673208900
0031071829930588293605800
0079027189390761675808900
0081028943490211583207900
0081042936130282174905900
0081021948130264273905900
1201367948013201345279031
1201376948098603142515031
1203134612031208679531079
1208953142042108569731059
1209843621042108697531031
1209843261041208695731089
2101247869097807695898079
7104993827027108596794039
7104994867029108372996038
0012002531850989381001300
0012000312965874120003400
0012000987324611370001200
0012008975790311685007900
0012013240380790579807900
0012014230970510521303100
0012079850980980523107900
0012098670720490795801800
0012408312790491243086900
0013001243970518679008900
0013013250980810987505100
0014202351970138579068900
0016000389865974120009800
0016000596694871830006200
0026000689865979780001300
0038063192920618597401700
0049000389946783210007900
0062000439968177890009700
0071005978890491243008900
1201365348041209326431031
1201931426089602634113032
1202735819049302174313051
1203131452032108679594021
1203134152013207689513079
1209734512012305687913027
1301242361041208697431042
1307957968096801683938013
1308954867027408697531098
1309234521021309576871079
1309861432089608965797089
2101396875021308469793089
0012000349984673120009500
0012000798798659860007500
0012000948387191960006200
0012001235890989768003100
0012001253130122513002300
0012002351130322531001200
0012002351850329361001200
0012002351940328321001300
0012004231970977895001700
0012005698120793125003100
0012007689950187896001800
0012007985980317589009700
0012014230380790679807900
0012025310180470613909800
0012025341490121426303100
0021032140150310798501800
0012052310890370786903100
0012078230970590921706100
0012098230790170725906100
0012306398130312531041200
0012402341130982531041200
0012402351210329531083100
0012402351610322341087900
0012408357970316521089600
0013000213796489630008400
0013000214674891230009500
0013000218865799870009400
0013000241724139480001300
0013000896314521270004900
0013001243130515897002700
0013001243290511432005100
0013002697130895137005100
0013003251940238231001200
0013003251980234231001200
0013007241790539678008900
0013034251720946314201200
0013043521890133614208300
0013043521970943514209700
0013045218130792134609700
0013065241970848976208900
0013067518890499512608300
0013073251120135132405100
0013098750710280321507900
0014201325720319875086900
0014205213130894213021300
0014209587970988597068700
0015002341980838796001800
0015008371890837589007900
0015012340890970352105800
0015015324490132143508900
0015051320130130513208300
0015062381940938397201800
0017000291694871850007300
0017000689368971920008900
0017000689843979680009700
0018606379970988975068900
0018607698980797916086300
0021067958980378512909800
0021092146850297396801700
0021097580810980213509700
0029024136120895796801700
0031000124796481320007900
0031000869486972710009700
0031005698920798394001700
0031028937150584712909800
0031076948970272813909700
0031097850710980312509700
0032000214764892410009500
0038027168490791579608900
0038034162790715689707900
0038073198920598597601800
0039083179920686598701800
0071015928890366784908900
0071017928790368675908900
0071057928790368674908900
0071065978980894986707900
0071086957970286473908900
0078007958890797589008900
0078078950890980587107900
0078607958890797589068900
0078607958890797689048900
0079009857780899587007900
0079014236790684687907900
0081075968980894987607900
0081084976620899675808900
0089043120970680578908900
0097047891160622968408900
0097047896190583678908900
0097074869890979675808900
0097075869890979674808900
1202125413089505423113042
1203131462032109685774089
1205164897017605697113083
1206234291031509658771079
1206336421032109765881049
1207931245087909586773089
1208943897017407496895079
1208989675089605324197098
1301336241021308746931098
1301364978014201234695098
1308964897016507296895079
1308964897019609274875079
1308985697021308476931017
1309374261061709548781059
1309898675021408946797089
1501378649078901623479089
3106883279021401839489089
3108965897037407296894079
9308984697028607195895079
0012000237346191240001300
0012000312325411420009700
0012000531364129860009700
0012001234850129324002100
0012001342940138213003200
0012001352850139253003100
0012001352940137213003200
0012002345130315481001300
0012002345310318451003100
0012002531850129315001200
0012004239210583251003100
0012005312980587923006100
0012006238970138916008300
0012007245980317985006100
0012008697190892735005100
0012009256170316871005900
0012009678780899736005100
0012009678850899713008300
0012012350230130183204900
0012012350230130513201200
0012015230210130374802900
0012015230890130695808700
0012017340280120923106100
0012021530150510251303100
0012029310170310824306100
0012063412940317285401300
0012068314970318514209700
0012069850970120423108900
0012079310980590523407100
0012085361620129154303100
0012092351850122173503900
0012092438850177385901300
0012092638840177384901300
0012095240810930253103100
0012301235850899215063200
0012303295210313241087900
0012401352940137213083200
0012401352970135213013200
0012401352980318579069800
0012401357940137213083200
0012402315130792134049800
0012402341130792531041200
0012402351940126173086900
0012405341130134213021300
0012601298850799316062300
0012709368980898597067800
0013000241245131230001400
0031000896361428960008900
0013001523320971347005800
0013003241120233521001300
0013003529210583271004900
0013005213890515796008700
0013006271150983142004900
0013009578870899832005100
0013009687380981234005100
0013013250320210521301300
0013013520320510521301300
0013013560210980294105800
0013034512890496712308300
0013036520190170785908900
0013038529170182934606100
0013043251120947591201700
0013047251890233571208900
0013063215920588512901200
0013063241940121246301200
0013063529910188295605800
0013083450970480231504900
0013097210780590968705100
0013098576620978796501800
0013203214310517592012800
0013203514970218975068900
0013205986970978957068900
0013209678980976718086300
0013209687970986897085700
0014201325790899875086900
0014201325940136213083200
0014303251970128597069800
0015002315830389184007900
0015002348970794312008300
0015007389790788679008900
0015009378970975678008900
0015015320890130693808700
0015015387280984987607900
0015016372390912718308300
0015017360890790612308300
0015019382250974897507800
0015015392270733978108900
0015049312170242493101800
0015051320130310679508900
0015052396930797496801800
0015057398890799578608900
0015067890130870587908900
0015068970120980958701300
0015082319940371342601200
0015085396970796978408900
0015087390790870867906100
0016000897246311240001300
0016006271980973718009700
0016006281970975817009700
0016026341470121829409700
0016067890120870687909700
0016068790130780578907900
0016078390960780768909700
0016209687980988637067100
0071000124975688960001300
