649538271831472965275196834123849657584763129796251483412385796367924518958617342
693271854574836129218954376429718635867325491351469287942687513136592748785143962
348965712756821493219743865437658129865219374921437586194582637673194258582376941
627193854459786132183452967241867593538921476976534281812379645394615728765248319
512934687674158932983627154136572498458396721729481365241869573367245819895713246
397584261168239745254176389783942516912765438645318972839627154421853697576491823
163782945724965138895341726416837592589126374372459861631574289948213657257698413
315967248476258913928413576153874629289631754764529381631782495542196837897345162
176352894253849176498167253517426938642983517389571642965738421721694385834215769
582749613473162958169583427248376591917254836635918742324897165791625384856431279
357291468216348579984576213475819326138624795629753841543162987791485632862937154
817925364254367189369184257436719825572846913198532746741698532685273491923451678
318962754546718329792534168159346287284157936637289541821675493963421875475893612
239481657481765329657329481548176932376942815912538746824617593793254168165893274
523748619489126537176395284238957146917462358654813792861574923392681475745239861
923651847581473629764928531239514786846739215175286394418365972357192468692847153
451837296278659134369124857714583962583296471926741583845362719697415328132978645
216348759475926183983175624731592846629784531854631297147859362562413978398267415
721539486395486721486712359612375948839641275547298613164957832278163594953824167
651378492892416357473529816985247163326951748147863529719684235534792681268135974
836192475429375168517846932283914756195687243764253891372461589941538627658729314
164589372897362154352147698649725831235891467718436529921658743573914286486273915
239756814516498723874231569693185247482673195157942638341567982768329451925814376
128795463745163928936842157814926735397581642652374819481257396569438271273619584
326479815485162937179385624967248153243951786851637249632894571514726398798513462
174592386635148972928763145519684237367219458482357619741925863893476521256831794
769128435852634791134975286926753148415862973378419562291346857583297614647581329
918235764324867915765941832649312587257689341831574296593426178472198653186753429
394217856581649723276583194952361478438752619617498532125836947843975261769124385
826153479547692318913487256165238947294716835738549162681325794352974681479861523
967823451251476839483951726574689213832517694196342587715294368648135972329768145
137458269968237514524691837753984621246715983891362475385146792412879356679523148
157283496438769215692415873514637982876921534923548167781352649345896721269174358
864215973579386241321479568786154329293768154145932786957643812438521697612897435
598231674743596281216748539925473816461825793837169425159687342382954167674312958
841732569259164873637895412412673985386549721975281346794316258128957634563428197
752836149489175623136942578217483956693751284548629731871264395364597812925318467
439516827527983641186472539853269714941735268762841953315697482698124375274358196
379412658681597423425683179293756841167824935548139267936271584754968312812345796
912435867367829154584617923725368419643591278891274536278143695159786342436952781
925731468617824593438659217142385679876942135593176824751298346289463751364517982
239164587157892364468537192826415739713629458945783621672951843591348276384276915
698145327475362891321897645819734562542618973763529418186473259257986134934251786
751438962934652718682971453879164235465293871213785694547819326326547189198326547
124693785387215964569748213842936571753481629691527438415862397936174852278359146
579862341861349257243517869395274186418695723627138594154923678986751432732486915
935612748827954361641873925469127853358496172172385496593768214786241539214539687
