000030001800002005000106000020000050084760000000200403000000700360000000000017042
090071000000000000208004370020000000000300401000060080000007010036090000000043902
308060002006000003200700005000008100005200004900000000000500000070090058000370900
027100000009780030080000060000000593008001000070500200000000040390000028000040000
510004600000008002900020000036500008400090001000000000000000073000045000000003246
007000260060000040004100300080900010902065008000000070800000000000053600500090000
103000905000965100800000000400807000080000000070050061000004000000200600050008003
300060000000000910020403070050004600000001000700020080000080005002000037890300000
070000004003009000008000000517000030600890000000000600000730000020600005804210000
000000010000000058009080027008076090007004000600000000320007100090020084050000000
050200060010000500900006010400010300130600000000750800000000007000400000802930000
800900004050300100000004200000710000502000900000030000001008030000000000920400078
300000050040700020002004100100040007000050000000200000020600090060001800405003010
200000600000060300057009080008106000000040005000038006020010003090000000000800070
500000000000020030176000004030050000000002008654003000800000020000601400000000001
003601047080000020000000001000004000006700000100000039400060000050100060090807000
400000290008000000300004800010500000500000401026700000800000000000000320000978000
206040000400000183000100000000000046000000030050001000007050000000400900308067000
720530000300000001000000059000300040009640205000008000100007032008000000000000060
600308002090000000000520800900200060000901040047000500000604000000000601200000000
836000000000005000500040000000900050090007040060003800002001000040000600600020304
160000000000000054300047000600700031000800000718000000020050000070004206000003900
009050800000400020070031000093080000402003005100000600300060080000000000020000070
000005060005100900900002007800000005007000640000300000000000000509030001200610084
020070010080000000000305004000200050000000006050607000600090000004020308700010400
070000086600000070000003100000004007300210400082000000001905000003000020050800000
060100400000030701030000000006053040005000000000000062290006007080200000000001300
008205000000060900005901030000000580000009001030070200003420000070000600000000009
004010050500000700000003090002060470030700000010490002000000000800005201060000300
000000470007090000010000006060008047200006000000040000000320000050970080409000500
900800400250006000000000020570009203000010090006040000000000008000035070020000005
100000200900207000004090000700904001200700000000060405085046000010000006000000000
100200006030060010002005800500000000870000034000048007001300600040090020200004008
800000970000000200020009500700100000000068000100900086050003000000001090602000430
090001000700506000210000039005400006000020000800000000100087002080000060004002000
001700009050064000000005010000000080300500000900001006004006200000000030060408007
050000009000000000036000070210480006603700200000009000000200300000007802905010000
000010800527003000006400500050060704000005008000000000000007000608000300004000096
000000008001000020000683070200050000060000930500009007036000080000000302010040000
902005007007000054000610000005008000043000070800200000078000605000000300000900000
900001068007020000400600000000085070000000030090100004000200000200403001060000080
200060580007002300060000000800015000003000400905080000070000000000340206000000010
000040007000002891001000600000004560000010003060029000080000009250086000000000000
001400002900050008000071050000064000000003070200700090040800300020000009000300007
020690705380000000009000000000000000000480600000507030000860000006000002200050140
000800000860000050040007060000200100400000003607030000100900070000050400032400010
900000700020000000601003005000000800300096070000085400093008004780200000004000000
